"MAXWATR_1","MAXWATR_2","FRACTEN","PERCRTE","PERCEXP","BASERTE","QB_POWR","AXV_BEXP","LOGLAMB","TISHAPE","TIMEDELAY"
0.0503313867223072,0.00335848537849404,0.00805880942289708,0.0858640009879779,0.0276551678544748,8.96529818617771e-05,0.0165611135214988,0.678800443994611,0.00264723434692512,8.41418978401017e-05,0.126549562891112
0.00503411981848937,6.61579222654516e-06,0.0128413165311627,0.000581043183122112,0.191980942716626,8.17823349082385e-05,4.05828542718683e-05,0.0441371506240312,5.310612537178e-06,4.36444538071755e-08,0.745291091888172
0.0357980926730376,8.32819943289501e-05,0.0438012752172489,0.0592874816642255,0.0113723918727693,7.54340001642426e-06,0.000885487340685848,0.656134136250104,0.000201626416517796,8.41020839809414e-06,0.192420272962667
0.00049873891431752,3.25626843267453e-09,0.025217793360585,8.55688098872999e-05,0.00131047469511877,2.62323943447237e-09,4.22199474104117e-07,0.00482750059095291,1.72492597690262e-07,4.29499849240747e-08,0.968059280107574
0.18036339830527,0.000132685079340324,0.0205608692204715,0.00345660842901283,0.397176716400405,7.3987821469689e-06,0.000450516486656884,0.33763742243886,7.94639327367415e-05,6.27395372582853e-08,0.0601348581855619
0.00426035136148897,1.19210187154646e-08,0.106290542767692,0.00038297217521718,0.0259191395212139,1.50565286880903e-06,4.77844758645943e-05,0.333212451866802,5.85829541505478e-06,1.78270150395377e-06,0.529877599260916
0.000874051998897595,0.00169829837199715,0.454686795072521,0.00175569001686205,0.398868029674449,5.94791287119912e-05,0.00659307094006735,0.116710847712865,0.00135150010811863,2.2744675103388e-06,0.0173999625079997
0.182232572403574,3.48054063085743e-05,0.0196174640476395,0.000180548936088101,0.00961741629632372,8.1810468762941e-08,1.11791013288009e-05,0.257854140615105,2.80547617776176e-06,8.57889520312265e-09,0.530448977328091
0.216140624069927,5.45448125430275e-05,0.0743179306536237,0.0271722182818609,0.128151379252669,6.02573427970612e-06,0.000240361622686223,0.352483105493886,8.83533040531121e-05,2.65358318141628e-08,0.201345430238641
0.0106062805865612,1.20850667755014e-10,0.0217297339510893,3.34559569637238e-05,1.44697413034524e-05,9.96251681227609e-11,2.95821318116592e-10,0.00833721069590805,6.02124979218432e-10,0,0.959278847949753
0.00192725738914767,9.42622174240336e-08,0.1702137591373,2.63326990371026e-05,0.00058392205956356,1.68014100621714e-09,3.13975587118555e-08,0.0934220411761042,4.03804447706752e-08,3.92457710522301e-11,0.733826519779239
0.000161448212442398,0.0253562540157923,0.131738180268156,0.00065804811300663,0.128473709006309,0.000349311126280702,0.0375425542269755,0.664910508209485,0.00315239388103579,2.95649066667107e-05,0.00762802803384969
0.45209183142885,1.39660955903036e-06,0.0823330903316239,0.000319282332595179,0.00564772305040525,1.85310134251449e-08,6.53888506760234e-07,0.178559447466621,3.59461288298603e-07,1.18537015258861e-09,0.281046195714166
0.0148188395120796,5.10916858610501e-05,0.00670316216703167,0.0385655738153568,0.825302421945434,1.06615257218126e-06,0.000195661494849208,0.0433302174716146,2.84208991762193e-05,9.88481933999019e-08,0.0710034460078312
0.00532576218758868,3.84682673025442e-07,0.20583679107873,0.00058454686643977,0.0169566603811432,8.99330883301712e-08,1.95780091517866e-06,0.256196969967095,2.58751724642414e-07,4.4714741912711e-10,0.515096577903454
0.0119875692193999,0.00372487676142824,0.0496418931406365,0.0012078978010999,0.586230537176897,0.000549042823413986,0.0268460414006855,0.198693644476551,0.0022784525842227,6.13421243983791e-06,0.118833910403225
0.000128614942977321,0.000237342541541068,2.23676824780165e-06,2.84589144816987e-06,0.000122009296512591,9.88230754674121e-07,0.000132825306657885,0.99893498683147,2.43220863452081e-05,1.88066383350877e-07,0.00041364003766264
0.00490513493105594,2.10791923374948e-08,0.0476773977703715,0.000143144077562847,0.00615647068945125,5.5900432043238e-10,4.49998432065957e-08,0.1740999187437,1.58192703770546e-08,0,0.767017851330549
4.88101926087813e-06,3.98428482841174e-08,0.0158570859392371,0.0010496802988557,0.232305518360328,1.34454722810975e-06,0.00461673431103313,0.160894111702903,0.000224330867499463,0.000156114164248507,0.584890158946557
0.00319437271162337,5.0098707809754e-09,0.0348920138830813,0.000165527264403877,0.000647619067393671,6.83716846714347e-11,2.05673992536493e-09,0.0406231115328753,1.27806902275535e-09,7.05829688940977e-12,0.920477347120513
0.00210009850485822,2.57058309222371e-07,0.0523532147827986,8.5731639809819e-07,5.39244771800698e-05,8.36503021578058e-09,2.99111245097341e-07,0.049159603683165,9.12506409808596e-08,1.33992970883332e-10,0.896331645316382
7.27704583476243e-05,6.9131466251932e-07,0.11632036808475,0.000105889009201553,0.000647177890973815,3.10205386749394e-05,3.83479585686882e-07,0.185843286348274,1.32398347118995e-06,2.463447199689e-08,0.696977064257587
0.00350039570850775,5.44452719753095e-05,0.0228083518478149,0.00882384608523284,0.258663209622821,1.78915856772516e-05,0.0110457739317014,0.446536569239628,0.00156054874845453,8.7332495963153e-05,0.246901635462225
0.0134376630793857,0.0360038111083893,0.0769922613736944,0.00019662920642967,0.00065497164374834,0.00741982983451304,0.562921223820823,0.213010298069917,0.0659710503717382,0.000444212641423065,0.0229480488499379
0.0012418092413176,0,0.00296007907514838,0.828559726224158,0.0155294335154769,0,3.54779239359932e-10,0.120411888247217,0,9.97148475650793e-12,0.0312970633319308
0.0273962940166332,2.25233074634127e-11,0.00446339608659921,0.210014974172469,5.51498663116213e-06,5.58637030324322e-10,0,0.0115556101774997,4.02553127910036e-10,1.29888832431298e-11,0.746564209563466
0.000799320899568533,9.06752046718707e-09,0.0532749739213813,3.44629435777354e-05,0.00391282426752067,1.30407916911031e-10,4.51239892007449e-08,0.076845381681699,5.98705117267741e-09,2.92964595293513e-11,0.865132975947987
0.00245584905681329,7.3200217019572e-06,0.00514908318306413,0.000915598199256617,0.791752984610017,6.95246782209786e-07,0.000434155693840615,0.0250495111050093,1.57336847837413e-05,1.85078147081613e-06,0.17421721841726
0.00198933119560468,0.000109915733652288,0.00362503102984294,0.00065748630183404,0.986098771459992,1.16458562301616e-05,0.00679983934145278,0.000170435308658581,0.000333780894817697,1.72543053812451e-05,0.000186508572533661
0.00095407913495771,1.23020698735994e-05,0.0031885747592495,0.0282531045476946,0.251832366441619,1.25478389063987e-06,0.000192076935161489,0.205107733899975,3.90425058597134e-05,4.69401835585555e-08,0.510419417981535
0.558847301262433,8.90544689483926e-08,0.0275613555424195,0.0292655977047687,0.137430798030178,4.6267406419436e-07,0.0032579110459633,0.0617245215868011,0.000179044537952035,0.000116688221729831,0.181616230339222
0.00134827972068319,7.94794650378831e-06,0.0177470380717079,0.00195307125451118,0.35048480264824,2.15223018597309e-08,1.53824667154643e-06,0.178021264420962,3.24791101154202e-07,7.11629333596027e-10,0.450435710665689
0.322359505002754,0.000210199429636427,0.0532553778616344,0.00399808874697179,0.0914552969808775,2.34217293260058e-05,0.00303504682521298,0.467695510551164,0.000427468253410945,6.77735164777378e-05,0.0574723111025354
0.0353786530357149,0,0.109251958398862,0.000233910482138921,0.00267063127453426,0,9.4507349435863e-10,0.146100788753665,1.06638334867816e-10,0,0.706364057003373
0.0012558212006531,7.83522322878075e-07,0.0706230752681514,4.36872963606905e-05,0.000645615400705829,0.000113431329878829,5.46533188764188e-07,0.0580139460781548,1.09543053569437e-06,1.87329085049104e-09,0.869301996066757
0.000439196924240816,0.0185238540218047,0.00066439835372181,0.00043709686404393,0.970239239344215,0.000537078506973551,0.00691607693140368,0.00105875349818574,0.00107159886115643,1.56587407081843e-07,0.00011255010684703
0.234220705031996,0.00021689250801984,0.0105074372178465,0.0268619583366436,0.0284087773757476,6.32526821053618e-07,0.000344335404341505,0.243564403466693,4.25526148081262e-05,2.94527796074426e-06,0.455829360239122
0.00341347889101149,6.46233566752789e-05,0.00199476560834573,0.000665031103448486,0.0843616308061582,1.79476859974447e-06,0.000189931730051473,0.585476070557834,3.13363021662684e-05,1.40930295631164e-06,0.323799927572753
3.53731142818821e-06,0.000256997121155999,0.0107624464404315,0.00617408114520962,0.267046190729083,4.09748209976872e-05,0.00281199497542205,0.520955632276138,0.000209897553328404,8.4187263658545e-06,0.191729828900439
1.96411704253726e-05,0.000634509830891634,0.0445199827968749,0.00109811678940079,0.220878254264417,2.84167109735018e-05,0.00507534688392601,0.665616567284378,0.000669284722067735,6.67020067844218e-06,0.0614532093459664
0.00178529110708189,2.97422625372627e-05,0.0347290526071676,0.00222705566240582,0.474155785888376,1.44292488594392e-06,0.000216898560956564,0.156508120666517,3.23098691958252e-05,1.30523442210659e-06,0.330312995216454
0.000109954974542986,0.00188621366861778,0.00479172393223048,0.00209253532067367,0.516079299192863,2.37918491052165e-05,0.000145994311619346,0.235795865401056,2.25247629013641e-05,1.25973095749569e-09,0.239052095326659
0.00142203611951849,1.05836712960982e-06,0.0185651229672981,0.0052115310120375,0.0293185567277118,1.90098955826332e-08,1.7065650564928e-06,0.0342329816877399,3.11765864009897e-07,7.25967268974372e-09,0.911246668518076
0.000901949882156058,8.436627882339e-08,0.0377848466741224,0.000624201507336016,0.0294820972018955,2.43666770711904e-08,5.73198099395126e-08,0.0730975157092123,4.56966928078661e-07,2.14542018982822e-09,0.858108763860165
0.000426937409567723,0.00112768500287004,0.0381715065749897,0.00833226606961533,0.760614602595566,5.12953002261477e-06,0.000297861267619142,0.157390101567893,4.92021196014007e-05,1.12984572295951e-08,0.0335846965637975
0.000107494784431422,3.98651579883581e-11,0.00612323266393955,0.00317060112851064,0.24520704540798,4.21195477192769e-10,1.21762176630936e-06,0.334452740550661,3.00067870558422e-08,3.02867794702256e-08,0.410937607088084
0.0566383769020113,1.37895327410993e-06,0.227840956010576,0.000940337097188357,0.0504293104480927,1.4323486828573e-08,7.22027418428278e-06,0.137321556609484,9.76395237133293e-07,8.81255729007662e-08,0.526819784860892
0.0751739942721988,0.000451931254993808,0.000756561525908003,0.000110648338958103,0.00147897115283495,4.64736719399482e-06,0.000343684214460771,0.915968698560837,7.89144277796403e-05,9.88679945968793e-09,0.00563193899803617
0.06536760907134,0.00400132326362935,0.0142942361286998,0.00165872931507494,0.325412811634687,0.0020446283223401,0.551936007857764,0,0.0331545309285315,0.00177119531453601,0.00035892816339789
0.466871556598894,0.00402389663512483,0.00753904182211765,0.00232860716878219,0.033996991658448,3.97414005457208e-06,0.000736980761983199,0.418061922354988,9.36899028761512e-05,9.15367075531621e-08,0.0663432474200237
0.0616101575801223,6.76806503086803e-11,0.000651464550853395,0.000756882929540143,0.000749637843355641,1.32085969953747e-10,1.79981490477045e-08,0.0134309147877001,1.97046665818099e-09,9.17509170732183e-10,0.922800921222537
0.00146156493882077,0.00183119806406642,0.000826236057961301,0.829253771302603,0.0784675598402421,6.56921178531349e-05,0.00281862071457178,0.0799740781783839,0.000354928638938875,9.19643503088494e-06,0.00493715371152794
0.0998304642355412,1.3700930541025e-06,0.090534340784924,0.000137067232017807,0.00200591789594573,1.25554832788687e-06,2.91738480804744e-06,0.157134975537748,8.79119236138978e-06,3.79140528217066e-08,0.650342862181218
0.0681727401532237,0.0992007208027152,0.0642661216718227,0.00573373519520903,0.165393417409097,0.000248590316879391,0.0336089432758069,0.554054688947749,0.00535357659462581,1.13104862817425e-05,0.00395615514658962
0.0104726274931927,2.09685370193726e-09,0.028494180777682,0.000605986593657697,0.00679313539255491,7.94326022056562e-10,6.04072670619317e-09,0.0403090223268357,2.36784019369345e-09,0,0.91332503611633
0.0304913008643721,0.00351731193240386,0.0549908025112279,2.98364926715381e-07,0.00847574645220845,3.22080315939845e-05,0.00594461270629575,0.795510233498843,0.000768872744708091,8.03763742820781e-06,0.100260575255992
0.000772920857601266,0.00029820406732761,0.0079242456099942,0.000749906338860317,0.0986799838316479,1.852771687287e-05,0.00157098586477202,0.586183152417497,0.000302165132306982,3.29556299401704e-07,0.30349957860682
0.0219906873946292,1.33034375111926e-07,0.0365672238546164,0.00338030371344811,0.0490371104902613,5.46201551589837e-09,3.68436550968472e-07,0.257272951895039,7.07785356080331e-08,3.50399015586426e-09,0.631751141436539
0.00537358283767613,0.00335729981516261,0.0225822138914974,0.00587525652522868,0.191110856146398,5.33666833610357e-05,0.00301782377058241,0.73842392826247,0.000562111611943258,3.8045905492859e-06,0.0296397558651317
0.00242837583540502,1.5938560027241e-05,0.0154589836805674,0.00404886266477129,0.0395950533431077,3.19509956554743e-05,0.031540505461711,0.677480171148745,0.00187815598564678,0.000377013271919922,0.227144989052443
3.64265876458583e-05,3.62856669563931e-08,0.0105417322425602,3.2334445404536e-05,0.00803510663845683,8.13320519703316e-10,4.17331963826067e-08,0.010670125721135,1.08996035221267e-08,1.46649139531549e-10,0.970684184486361
2.9606649320127e-05,0.00234598030229589,0.0896381346566149,0.0660126874506672,0.598248661339802,3.13167927614051e-05,0.000558250424315873,0.125877179674197,8.714819584077e-05,4.6473674656561e-08,0.11717098804051
0.00929758082613938,1.33123025375792e-07,0.196052057739163,0.000245157025652595,0.0104438430780505,8.32594714452785e-09,1.14627594059638e-07,0.108249364926355,2.17427570969188e-08,1.43922873338831e-10,0.675711718441393
0.00500759704917581,4.88971307851037e-05,0.447519615158388,0.000367237295245901,0.373646161887027,0.00768358297643596,0.00802357910406528,0.0808664598149035,0.000549702344645721,7.92320094364064e-07,0.0762863749192333
0.00144242912404061,0.00353656293188076,0.0208406930897844,0.000113025898915129,0.0111265091272373,3.89392630888557e-06,0.000257090034334209,0.949099006109147,3.23821146974724e-05,3.41553086857383e-07,0.013548066090567
0.000232365797679938,3.93631473886414e-05,0.0472542163736733,0.0415822794337834,0.303931576725366,5.20551321210426e-06,0.000162035048500678,0.268420891797413,2.15282691551402e-05,1.42760077960395e-07,0.33835039513375
0.000406122140850234,0.00174244997303408,0.00287629125636341,0.000161364187570664,0.000601198806285217,1.40924269692544e-05,0.00245509379326097,0.917031964672207,0.000362723924339508,4.03890066375239e-07,0.0743482949290536
0.0379458437419256,0.000457997413474257,0.00631518855369455,0.133898676185887,0.20182916045414,1.02321432808259e-05,0.00205098975355047,0.564873987960157,0.000303921313521571,4.76512205750332e-06,0.0523092373583107
0.0260037960541929,0.00572753861165223,0.0116899047741393,0.000357186159068478,0.00265591470005115,1.86898928510304e-05,0.00341621488730723,0.945234729233658,0.000595100902581782,9.46462183373527e-07,0.00429997832231419
0.000469386458314888,1.16174201048804e-06,0.00287135416225879,0.000756614872183952,0.319282389828028,5.35010747507944e-07,3.37472919430375e-05,0.0441403977070895,3.04029298436256e-06,2.3571625736841e-08,0.632441349062814
0.00981096082779681,0.018122815511193,0.00159959682883572,9.44146963504317e-05,0.00177361075217994,0.00667489496881943,0.0526242316481425,0.900362618624176,0.00751224621875098,0.000140435565690314,0.00128417435806471
1.98481887068961e-05,0.000547904806669612,0.0375567504325385,0.00078840223994724,0.12522473264293,2.70538527393811e-05,0.00323556513877087,0.720938249387163,0.00057568624292304,3.28101721375962e-06,0.111082526050398
0.046810124681221,0.000407373840765561,0.00856151757661354,0.0153898703027864,0.602146494255556,1.82745066176603e-07,3.16332194892941e-05,0.0829293456546044,3.77843893172401e-06,1.12393907294361e-08,0.243719668045575
0.00154708116396425,3.447794409053e-08,0.0909475654343045,5.75555537898759e-08,9.96914643792305e-06,4.51454471971428e-09,0,0.0297785983370663,2.47558340210867e-07,2.07675658282744e-09,0.877716439735088
0.255374830478601,2.03874778466145e-05,0.115192643684749,0.000712657773342663,0.0567701329268995,1.44847993450777e-05,3.63498250445009e-05,0.287428844578764,6.79420886445371e-06,8.41390345873339e-09,0.284442865832639
0.000144309446194609,0.000729141168402777,0.00402188629823145,0.00595866783695828,0.982134445839063,4.40201559790146e-06,0.000425533537148323,0.00180054113721891,8.53482421075195e-05,5.49764095026041e-07,0.00469517471498247
2.97497865714018e-05,1.27150518009708e-07,0.0180614918256182,0.000841935535767085,0.0292563318034718,3.36963289811107e-08,2.63587475671637e-07,0.0604188038687834,6.07261691628161e-08,2.22027926941432e-11,0.891391201997093
0.102958859451717,0,0.0129191445350049,0.00506210806802848,7.31662424866314e-06,1.1657841060878e-11,5.189104112993e-11,0.00951018234842509,2.03692005892132e-10,4.38542279706161e-11,0.86954238866148
0.000473301386947891,0.00296376642564188,0.420397329927838,0.000321348758275822,0.367263125671957,0.000670009502687728,0.0302874215004643,0.140055564426687,0.0052018009204247,1.75510015130257e-05,0.0323487804775629
7.85692325308294e-05,0.000480073250269091,0.000594836931345225,0.00106373450780625,0.992919345202741,1.49466692995143e-05,0.0014274648151015,0.002619600852255,0.000261931688954515,7.31812850960688e-08,0.00053942366841235
0.0305957143293073,1.2372955604283e-05,0.0592536987799201,0.0168585604918319,0.00938348055066731,4.79988119624823e-07,0.000527832549502345,0.502059292546644,6.57518616888352e-05,2.23193689363627e-05,0.381220496577777
0.000583758604305119,0.000476488634925747,0.126059914997783,0.00164234312745022,0.487745602379781,1.14696253765393e-05,0.000831021575844163,0.25964293199001,0.000126347789067423,1.41736288157952e-06,0.122878703912575
0.000112635868368098,0.000434676132068014,0.0122419892010956,0.000969962902252191,0.0387831747219716,0.000107689909300204,0.000362607990195831,0.863138678083415,5.30965071082059e-05,8.81719964498931e-09,0.0837954798670269
0.0385965090824956,1.04232797230221e-06,0.0286100081160747,0.0141347182250253,0.00584846897280098,5.89203607988609e-07,1.82411048185729e-05,0.479458956307637,2.08416886787767e-06,4.72471941816875e-08,0.433329335243506
0.464358635106792,0.00164863656036486,0.0575208347634787,0.00137995546979274,0.00718597648024587,0.000634993607387999,0.0451025320478259,0.38744967691124,0.00767711281678257,6.12416506012833e-05,0.0269804045854886
0.0178082616924612,5.64191459785118e-06,0.000338554703792461,0.0568800821819081,0.00449775095395478,0.000140725763274829,0.0647509817557256,0.625182111848303,0.00621994151290823,0.00171196497866837,0.222463982694405
1.60364339916903e-05,0.000233400821159847,0.0377078586912733,0.00396487833844763,0.949167711587314,4.314224608096e-06,0.000591613050379587,0.00797588967540123,6.15893415461032e-05,5.83324494563851e-07,0.000276124511383637
0.0604802220379645,0.000352576404041819,0.0321782759543074,0.0112130034386706,0.226610890712331,5.03875847329594e-07,5.59010481447763e-05,0.522794644790031,8.08897514425836e-06,5.54642260729167e-08,0.146305837299292
0.000500528115765407,1.02813743040233e-08,0.0199163250487195,0.000316575713425679,0.00568202134151342,7.70392091290145e-10,9.40961598381607e-08,0.0925425471459404,3.41662974679162e-08,1.93190002341821e-10,0.881041863127223
0.0030330270941925,0.000485242113891934,0.0117252328788769,0.00112206587497235,0.204501368019756,0.00129720559553418,0.000533364247447887,0.153106429969502,4.07032717882212e-05,4.77185665224715e-07,0.624154883748373
0.00499977823026996,0.0181893633007863,0.0331954001052484,0.00015377581482716,0.220610772785562,0.00327705024646546,0.269279967622148,0.120076543372487,0.0375816084825236,0.000928886565306443,0.291706853474376
0.000115231958188955,3.12654479652124e-09,0.0196650302911614,6.48906261681517e-07,3.31711193394368e-05,1.08802705020155e-06,4.85789424741738e-11,0.0130267128266623,2.14423136300525e-08,0,0.967158092253899
0.000865184158619299,0.00329408390430021,0.00125567961502991,0.000364315378827657,0.0346761617283817,0.0100895429801456,0.00376577709167388,0.934085088865845,0.000584651315625977,3.60710058375446e-05,0.010983443955713
0.000157041176179032,3.25817722362731e-05,0.00113662207695084,0.00256094755110215,0.991020016205318,4.91222196883858e-06,0.00451994529333216,0.000104795157452593,0.000246647046599574,7.55855867138301e-06,0.000208932940188925
0.0283066337905026,0.000947657448650944,0.0202628934230031,0.00367105279188074,0.0301776486929115,5.63349365348869e-07,0.000154592645254799,0.887850530315458,1.77132810457432e-05,1.29582804526703e-07,0.0286105846791219
0.0144015525676148,3.28084658637672e-05,2.28843665457946e-05,0.00261013067410141,0.0423942740055507,4.09844000291755e-06,0.000467234431100964,0.797457099383673,8.63863428608246e-05,7.10009527330138e-07,0.142522821313157
0.00892422534961064,0.000197430902072633,0.000326166107913113,0.000365102569115675,0.0187415927476833,0.00018066835444447,0.00113377529746532,0.880750085168657,0.000151250931140555,1.31497680686126e-07,0.089229571074217
0.000344229233716337,5.7216773446943e-09,0.0759355052610032,4.54570753956972e-06,0.000173831595753778,0,2.21298800811027e-10,0.0484053902489402,1.02177509599393e-10,0,0.875136491907894
2.03473868836833e-06,0.000338280893813681,0.00746158562534336,0.000384926815089216,0.0208552687683098,9.68900562278352e-05,0.0542006729864178,0.781531556117449,0.00276121097999839,0.00139080760084682,0.130976765417815
0.00102459092981389,0,0.0581241282964567,1.6036924498362e-05,0.00108123630004018,0,1.69152211587583e-09,0.00920310747250916,1.33542596644075e-10,4.13482127620058e-11,0.930550898210269
0.0069296156323834,2.99690305152404e-06,0.129285844742194,0.000274174845411553,0.033701070508405,4.34932136278231e-08,5.05963129078732e-06,0.208682874812711,9.23952018472031e-07,1.13984028186833e-08,0.621117384080919
0.000246743581399611,5.71895630981259e-06,0.0258404113757188,0.00943588041801743,0.361020035650051,1.32576572266785e-07,0.000134109713263941,0.352070591386918,8.20363858987478e-06,4.25160178788235e-07,0.25123774754298
0.101882153693459,8.09772404330844e-06,0.0238101139687063,0.493543406617084,0.0194865987861052,6.07623344801283e-06,8.82310466211037e-06,0.123740761572181,1.61238317846953e-06,1.03390371926165e-09,0.237512354883228
0.00048192180629171,1.33320790878459e-06,0.0871721313314252,0.00318980004551227,0.0216175276379064,8.84275112497561e-06,2.63916594112356e-05,0.33991547896241,6.09743519260327e-06,1.82816979365641e-08,0.547580456881118
0.00103041971320806,8.73286788131358e-07,0.0306781283467152,0.000750026321507468,0.16156617056113,1.96953702498021e-05,0.00884272294410424,0.177504108365552,0.000683488497692368,0.000149438280244184,0.618774928312808
0.000226317639672565,5.17780737449062e-06,0.0618311062463535,0.000935032151611238,0.263397755154667,1.27057683128542e-07,1.96877886391446e-05,0.105137692205602,4.73768131102462e-06,5.30805519061625e-08,0.568442313186533
0.00138845801466282,0.10802728667641,0.00032415173491251,0.000425222651952707,0.86448125588818,0.000303858325389505,0.0225766000214443,5.44328125071311e-05,0.00233683875731887,5.25105153191035e-06,7.66440656905947e-05
0.00746884932596897,1.54575966728351e-07,0.0161796990315575,0.0082718233357057,0.00119771739490329,3.75269982430556e-10,1.5557741833599e-08,0.0786250024990382,7.05287015167413e-09,8.26677640986015e-11,0.888256730768309
0.0979950552190545,0.37687482684348,0.0851857835633583,0.00184538959096291,0.0440647210509249,0.000505638419820049,0.0889022942604215,0.294362362450174,0.00943872017458284,8.69672910226741e-05,0.000738241136199318
0.0118145536741262,6.70725815103122e-09,0.018508773819707,0.0218381235519874,0.0871254529806934,2.35828158128392e-09,8.64525241190289e-08,0.251149067793141,4.47033070701155e-08,1.74810037740312e-10,0.609563887784163
0.00184469095734533,3.35100313333572e-07,0.226852404214268,6.56625679146582e-05,0.00221507592989356,4.25727883243268e-08,2.24089052180466e-07,0.376048854683829,5.02857459740953e-07,3.12575872358775e-09,0.392972203901378
0.437181674303392,4.05326669529597e-07,0.00371814806936483,0.000308072889839816,0.00214309103567513,1.58950260563685e-09,4.19673548786882e-07,0.039107652622054,6.1178760795122e-08,2.33126682118067e-09,0.517540470979925
0.0657609242169685,1.52138233875289e-06,0.12824520869638,0.000196637690702554,0.0362279430363248,1.28597596852105e-06,0.000243058574054462,0.143452870156025,6.53552850615779e-05,7.08028956891479e-07,0.625804486957219
0.0169172631352848,1.38489925664636e-05,0.0416212315781332,0.0031986030384914,0.0127634832900591,1.85979285737549e-06,3.71124936388014e-05,0.735481589700718,1.33208332255057e-05,1.61168780351416e-08,0.189951671028146
0.000443104871362009,2.11295777312526e-08,0.0854247616785751,0.0001978521892238,0.0168783130189139,1.56997207374761e-09,4.19161494629736e-08,0.170981529775889,7.58106086691657e-09,9.27636607999757e-11,0.726074366176513
0.00038352061087386,0.000179643899150148,0.0186589478333449,0.585412065957195,0.304234112198919,1.87590065614686e-06,0.00036748802400242,0.0578570122437748,4.4814611093005e-05,3.06123742320447e-07,0.0328602125972481
4.87317723448389e-05,3.68344797699024e-05,0.0572612915195718,0.0619518101598195,0.637864441951494,1.08178208619493e-06,0.000202646744378493,0.0909048509813809,3.58326945829461e-05,1.18787919636393e-06,0.151691290035375
4.20014520399197e-05,0,0.0117019962112654,0.000563190412755414,3.39841443736683e-05,0,0,0.0205096565913368,0,0,0.967149171188229
0.000868567316382665,0.0030568435890261,0.0709576292851804,0.00358954781281795,0.0928974849177174,0.000167344957102752,0.00723218886304232,0.790615250038449,0.00108203991578963,6.05741300649214e-06,0.029527045891485
0.139171178986829,0.00210029421385049,0.0041949614901104,7.54790244406621e-05,0.000648658267795626,0.000232365840877832,0.0444430349567848,0.794412851510346,0.00316694158733307,4.86063854183407e-05,0.0115056277362146
0.00177323534222035,3.45998499053627e-06,0.0364538461413671,0.000440325400934887,0.0142384899035202,3.42029488543795e-07,0.000235384086651335,0.725319119343931,1.78303995664817e-05,1.84931246866399e-06,0.221516118054862
0.00244171766468098,5.74533260451533e-10,0.113924324431369,2.30277843361694e-08,1.29290990565409e-06,3.0878917961107e-07,0,0.0211862776915107,5.44097177217153e-09,9.18374306861899e-12,0.862446049460881
0.0643549664951906,4.14732760439099e-05,0.00172460801891743,0.00252358457102545,0.0206185173007689,4.45897638447377e-06,3.73122747463101e-05,0.623432006183046,8.51679674924788e-06,3.2218769543222e-10,0.287254555784941
1.1504972028e-05,0.00019752849056669,0.0713148231274933,0.0035172313714733,0.0159085492800031,0.00423576693431729,0.000244022314814829,0.822628592335323,2.40851313830932e-05,7.19403507727568e-07,0.0819171766390902
1.01573256300623e-05,5.55187013518182e-09,0.12795092084913,0.000498425144306876,0.027210098433684,2.03686378374212e-06,6.72284178443892e-06,0.407130370390568,5.6834680052747e-07,6.88891704901582e-08,0.437190625363271
0.025366936510461,0.013073586268246,0.248715578152217,0.00207103478858757,0.177009551928572,0.001583247055575,0.0684985519269292,0.454252484472183,0.00913513508525678,3.59661770749723e-05,0.000257927634896189
0.004251107239941,0.000469612574347201,0.837727774318731,7.69570603170724e-05,0.0246236515452292,4.72419292638287e-06,0.00059086173971279,0.108902398939809,0.000116072838243377,6.28676088702558e-08,0.0232367766831342
0.0910985601963071,0.000460020475563092,0.0293058460085019,0.000789250432183137,0.830328296682829,0.00315954195077507,0.0201966037998443,0.0132087102958629,0.00228865919765952,6.02666456528918e-05,0.00910424431482063
0.00847343929912468,1.87726030884254e-10,0.420949084966233,6.33891754235923e-06,0.000412277493981744,0.000122653591293521,9.65702372249233e-08,0.100093791531894,1.58676256430157e-07,2.32253715382753e-09,0.469942156443174
0.000255637349643662,2.15127406561493e-05,0.0106833846582756,0.000755922771708598,0.208089096180368,5.10721759377286e-07,3.75574750881221e-05,0.168703973207191,1.23271794167992e-05,1.90338020224877e-08,0.611440058682091
0.00313824904182655,4.24698421405805e-05,0.0195832933313636,0.00705998480041095,0.0407911441109913,3.1428077118268e-06,2.02415185004547e-05,0.201797313154248,2.09846156128936e-06,1.46931534719692e-08,0.727562048238091
0.0243680671857856,4.52509278944149e-05,0.126545565256126,0.000603796487925662,0.0148512251477557,2.89447911785192e-07,9.74636255272639e-05,0.558453921646559,1.61780390529078e-05,1.1118229354703e-06,0.275017130412525
0.00771611934266648,2.77408209601613e-05,0.0156722558350524,0.00234044222512199,0.114396582716443,3.9061696648681e-05,0.000218203743894692,0.325674177056036,3.66088271844285e-05,8.64257214593431e-07,0.533877943478779
0.000399523626371826,3.73033502950883e-06,0.00285697618816791,0.000490347007968583,0.0438409216700486,1.80540565507424e-07,1.1028095436892e-05,0.470078627129466,2.06498134347292e-06,3.71773878748568e-08,0.482316563248214
0.522022303349588,8.72951193062968e-05,0.0306814738535535,0.0649439028980952,0.00837280002421354,1.50714251282458e-06,3.89643112396108e-05,0.215601287314136,6.38922922143753e-06,7.35727791419254e-08,0.158244003185355
0.00586694083743752,0.000348937827190206,0.00298575027801626,0.00032118376817181,0.0198356582050184,1.8288313322078e-05,0.00552880555886448,0.78349273567416,0.000745843337366251,4.08386867151695e-05,0.180815017513738
0.000773244027022586,1.98057093043276e-10,0.0563262467898638,1.98947628100976e-05,4.8337530037468e-06,2.0846559638981e-06,6.36484247859011e-09,0.0385692537574699,1.80218800034283e-08,3.15762780695732e-09,0.904304414511458
0.000231079525613351,0.0362639274091862,0.00715486940819684,9.15305407263912e-06,0.000431772106585771,0.00474143952172704,0.229975223779813,0.677631834156202,0.0403824799409953,0.000253702253111764,0.00292451884449662
0.0512079431162003,2.8221591190331e-06,0.00574173781632668,0.123388838838525,0.0148587163172616,9.51254082177902e-07,2.97747767058588e-05,0.40937155734098,3.98000574909354e-06,2.66606744573384e-08,0.395393651714376
0.0228074601615767,7.36499357531918e-08,0.0697587067564298,0.000131802905246424,0.000430470382433224,3.45273123363599e-05,2.63123813681389e-06,0.0557915114703877,2.24166341136952e-05,9.23461834419809e-07,0.851019476027569
0.00810835190341404,4.11875505775729e-05,0.00108676752100124,0.00032264792057509,0.00187846190872785,7.07115225911516e-05,0.000695135332995915,0.887187029983546,6.77987879557593e-05,9.42625448147166e-08,0.100541813306071
0.000562517165257828,1.33783734798156e-07,0.0408556853139563,0.000714036340651847,0.00415133948289734,1.7955093376036e-08,9.12683527563458e-07,0.247224426204436,1.80596527664336e-07,4.12641814185815e-09,0.706490746347499
0.000228735158959182,1.59906880122628e-05,0.00205506170275373,0.560446206537409,0.0277555595320678,2.64680049203191e-05,0.100780292726475,0.257221449851029,0.00445980347491032,0.000967407600704056,0.0460430247227595
0.0149478602247582,0.000114075071644265,0.198143173666383,0.00230745045209208,0.0852501759083092,0.0300085125639396,0.00704108820340904,0.364084511076182,0.000689650294698432,0.000188961998499961,0.297224540540085
0.0132003384833296,2.62375535897459e-05,0.00478811212372103,0.847480324282481,0.00146835221518444,4.73928427971135e-08,2.2958636475258e-06,0.105897418316515,5.7820376074174e-07,2.97573684885676e-10,0.0271362952673546
5.30286982848181e-05,0.0252633996179096,0.0321056009289046,0.000517174723409484,0.0933737036755797,0.580605788183641,0.249307601209431,0,0.0177893377032685,0.000117606135729065,0.000866759123841654
0.000834636431724746,5.49275257887459e-07,0.0372462917550962,0.0032417101872457,0.11424544229605,1.23714771513038e-06,5.73384842187214e-06,0.0793346803460127,1.19429364852729e-06,9.31176193638542e-10,0.765088523487652
0.000125102101001242,0.000472784407018464,0.0963743876210066,0.00291258105946236,0.153261355165492,9.9184304633224e-06,0.000190194882447032,0.393350600161701,5.18415463940242e-05,4.28183521570200e-09,0.353251230343179
0.046110376586322,0.000638577455242542,0.0724301035508147,0.00161547603014814,0.0130285837998989,0.000156003060313074,0.000279572376153726,0.746247567293583,3.61303963004139e-05,6.28291094758469e-08,0.119457546622114
0.127399814324327,0.00136761284908307,0.0462028344254346,0.00161011422383506,0.287101477643868,2.1593599830298e-05,0.00357245680200406,0.496038935237048,0.000593228013547864,1.16156525802597e-06,0.0360907713157636
0.000159403343560266,0.00485357933677701,0.0627598578196128,0.000653734666551166,0.052925958432797,3.96276069641952e-05,0.0152113704767132,0.810961018753412,0.0018767111215647,6.63941712476204e-05,0.0504923442708002
4.69647714354785e-05,0,0.000254377282547629,0.00129045329310698,0.217436355403269,0,1.10986605718987e-09,0.777985469836906,9.30611634060881e-12,2.91381337625164e-11,0.00298637826442542
0.0211603020413903,0.0255128121062792,0.0152426658002567,0.00161856719568545,0.000451031971434824,0.000156936860449678,0.0441829415807972,0.886032867980513,0.00477181688587131,4.06406355760173e-05,0.000829416941746631
0.00237904902815725,3.28897880191749e-08,0.495763426035762,4.26890906614457e-09,1.70753406154233e-09,2.257038981816e-08,7.95373990321613e-07,0.118104139871099,1.74840593443133e-06,1.84137993345719e-07,0.383750595710442
0.00137753734227136,0.000561307627307592,0.101219965520741,0.0287862587000992,0.319567337783827,0.0018291177736878,0.00215690113932399,0.475829456468715,0.000231444476329894,9.66506355772852e-07,0.0684397066613413
0.000952164025506912,7.80411655225438e-09,0.0239361101121429,0.757603512866887,0.00517382334059464,6.53277333337918e-10,1.06999616182741e-06,0.115523774304746,4.02928916154709e-08,1.90037617137251e-08,0.0968094775999137
0.000230905411927598,1.50624666000105e-07,0.000254230545888575,0.00559120520019299,0.010213497402817,2.81614015313261e-08,2.30606084225989e-05,0.520982416406417,1.46662392570892e-06,4.76947396034823e-08,0.462702991319601
0.00481080517240422,2.34012603368074e-08,0.140394201044057,1.37224496156552e-07,1.13300596033954e-05,6.9081809063145e-10,7.68763413443081e-08,0.037765583010748,7.37676116177739e-09,1.34873997500107e-10,0.817017835008637
0.00015930636951774,2.23621791276652e-05,0.00694013477795224,0.0132159874643668,0.977151528447461,7.52629782852637e-06,0.00217282680656256,0.000162437727333102,0.00014872020393056,1.33585348177197e-05,5.81119110152629e-06
0.108168461648381,0.004410193093967,0.0273666939045175,0.00602760369147239,0.455775524980678,6.20671424023287e-06,0.00107154607620839,0.286401826802875,0.000171285049687063,1.91057728990293e-07,0.110600466980245
0.00023267597591796,0.000617695585797236,0.245613887487309,0.00565535193930134,0.730343046414172,2.8718164713752e-05,0.00293962091583015,0.00937296614658603,0.000518943671864471,6.04268195447899e-06,0.00467105101655306
0.0439061697673854,1.11569902600259e-07,0.0023107823854614,0.00584011460655592,0.00129326595806627,4.68918379281797e-09,1.8049518252397e-07,0.0465474782958364,7.64730731059978e-08,6.71305627095433e-11,0.900101815692222
9.07552592987157e-05,1.36839886850701e-05,0.0297878689518933,0.00212051189313039,0.35611738647867,0.000145181505681454,4.8671987181646e-05,0.14533800856731,5.76239395019421e-06,3.06605542384487e-08,0.466332138313644
0.00614339100578547,9.49700609291952e-09,0.302258405805305,9.81227725364307e-05,0.00438265237489093,0,4.11627881270298e-09,0.277321656638642,1.28097422848174e-09,0,0.409795756508581
0.00379653078348548,5.26037593085735e-07,0.0423659021778591,0.0028636491405445,0.0137120792291556,6.62891068758063e-06,1.60740958529037e-06,0.252748457301766,1.89877832578086e-07,3.31953620435536e-09,0.684504425811954
0.000884103905177306,0.00384168064927117,0.017647858126882,0.00651581620687008,0.951649574695912,6.71086228272656e-05,0.0032652536731492,0.0149862222662078,0.000529102471142502,4.63968628404889e-06,0.000608639696276662
0.00505775463840081,1.83665083924783e-10,0.0295829818897117,3.92261114037489e-08,1.93798132764088e-06,4.49688587755893e-10,7.72535178872428e-10,0.00476689256457682,5.42708693764309e-10,0,0.960590391751273
0.0118285957041096,0,0.233460897679517,9.74019226679382e-05,0.00663796492587138,0.000450094448579347,0.002200011392422,0.29062054772552,0.000762263013558643,2.48000624223829e-05,0.45391742312533
0.00627897408211981,2.04199637774257e-07,0.0513509839691545,0.010224893084285,0.0176841524313653,2.35020668466266e-09,2.17867571282927e-08,0.232300416280088,3.92968327494714e-09,0,0.682160347886702
0.105729665260131,0.316892477467393,0.000663585719050756,1.67731317875377e-05,0.00290375058463472,0.000918469087807502,0.0386826942597461,0.499602742641062,0.00413851880024959,7.22869246606503e-06,0.0304440943556716
0.00160714093787609,1.92795398544005e-05,0.0095433258881078,0.0027093203873332,0.819120904598031,1.28981850951896e-06,0.00101215111859872,0.0920087801743125,8.71020019437829e-05,4.48984385596432e-05,0.0738458070968726
8.60502547421393e-06,0,0.0479851922322944,0.00141214701676289,0.171854342014767,0,0,0.510364348497114,0,0,0.268375365213587
0.0011487517164994,0.00033467652873938,8.31616201487847e-06,0.000513976554588527,0.00828459036216736,1.3802230068787e-05,0.00266635050030342,0.819644256403524,0.000609541136813574,1.765548731597e-05,0.166758082917964
4.04793503650121e-05,0.000156620985185539,0.0409107957461912,0.000543928236042211,0.0113628877155961,5.70287442286146e-06,2.02566863576219e-05,0.2511470545576,2.15096778625327e-06,2.66885922751898e-08,0.695810096191861
0.180369514809265,9.55552119413472e-06,0.0592336623620327,0.00851774962144822,0.00784301988352457,0.000605756361817626,3.97153555499895e-06,0.13853271677662,5.07251060091826e-07,9.84729273844377e-11,0.60488354577901
0.0925552391247228,0.00350534645698152,0.0202034050583717,8.47843869886017e-05,0.701768813858918,0.00128760899050087,0.0152853288474204,0.0634165549483857,0.00133165561475028,1.61177888348594e-05,0.100545144924126
0.0363267170328074,0,0.205980541453161,6.97527855458653e-08,3.68226477446126e-06,0,0,0.0303637533486071,1.15516925572437e-10,0,0.727325236032347
0.155218719797004,2.36629374786798e-11,0.0037878351628827,0.0141588849058345,0.389544733799196,5.4151704703927e-11,1.68868782326374e-07,0.0354906422649119,4.34823456074428e-09,6.59738756873797e-09,0.401799004177951
0.00131097622086692,0,1.07985660153326e-06,0.00138195942120215,0.0150154087357222,0,0,0.982290522738205,0,0,5.30274021345865e-08
0.0215167870307539,1.50346399121817e-05,0.0142853067020042,0.000855339821019539,0.0233423249253325,0.00022274103494228,0.00257082835042149,0.705703559413078,0.000230223641999514,1.31967632817327e-05,0.231244657677255
1.84709025340776e-05,0.00112607395602775,0.0525322359207405,8.14501601822744e-05,0.0122992203809429,1.20635014283243e-06,0.000165798182013281,0.89950329139003,3.14203957082883e-05,9.83125570133112e-09,0.0342408225304225
0.000134664144295801,0.000128571993644925,0.00635699839410244,0.0455846012882739,0.850176856878857,7.09554724902064e-07,5.62645764547324e-05,0.040997297638617,6.92078268858382e-06,1.41459362690121e-08,0.0565571006024051
0.000214669163499856,0.00128482251927408,0.0111122964322219,0.0014409886806783,0.18584550610141,3.70916744003688e-06,0.000269015407634439,0.552885763123615,4.53044993437851e-05,1.69140718032042e-08,0.246897907990811
0.00640325948832354,0.00168007456815234,0.0465611148873367,0.000386537172781981,0.111043979747203,0.000901096433944803,0.323244067846382,0.370330784970101,0.0370545948433725,0.00227507546677964,0.100119414575622
0.0215730635594217,0.00104375909132323,0.00244830160116167,0.00441953901058371,0.00868286161497154,8.19194313032034e-05,0.0157237410038533,0.928292024056123,0.00244736906217606,1.21003165865926e-05,0.0152753212524964
0.183660224502007,0.000452391432359898,0.01639187640559,0.000354752628804476,0.0272185818028746,1.36648679071404e-05,0.00155575261927721,0.72883038856625,0.000260635042137281,4.49122062262481e-06,0.0412572409121693
